<!DOCTYPE html>
<html xmlns="http://www.w3.org/1999/xhtml" lang="es" xml:lang="es"><head>
<meta http-equiv="Content-Type" content="text/html; charset=UTF-8">
<meta charset="utf-8">
<meta name="generator" content="quarto-1.6.40">
<meta name="viewport" content="width=device-width, initial-scale=1.0, user-scalable=yes">
<title>2&nbsp; Tipos y estructuras de datos – Prácticas de Estadística con R</title>
<style>
code{white-space: pre-wrap;}
span.smallcaps{font-variant: small-caps;}
div.columns{display: flex; gap: min(4vw, 1.5em);}
div.column{flex: auto; overflow-x: auto;}
div.hanging-indent{margin-left: 1.5em; text-indent: -1.5em;}
ul.task-list{list-style: none;}
ul.task-list li input[type="checkbox"] {
  width: 0.8em;
  margin: 0 0.8em 0.2em -1em; /* quarto-specific, see https://github.com/quarto-dev/quarto-cli/issues/4556 */ 
  vertical-align: middle;
}
/* CSS for syntax highlighting */
pre > code.sourceCode { white-space: pre; position: relative; }
pre > code.sourceCode > span { line-height: 1.25; }
pre > code.sourceCode > span:empty { height: 1.2em; }
.sourceCode { overflow: visible; }
code.sourceCode > span { color: inherit; text-decoration: inherit; }
div.sourceCode { margin: 1em 0; }
pre.sourceCode { margin: 0; }
@media screen {
div.sourceCode { overflow: auto; }
}
@media print {
pre > code.sourceCode { white-space: pre-wrap; }
pre > code.sourceCode > span { display: inline-block; text-indent: -5em; padding-left: 5em; }
}
pre.numberSource code
  { counter-reset: source-line 0; }
pre.numberSource code > span
  { position: relative; left: -4em; counter-increment: source-line; }
pre.numberSource code > span > a:first-child::before
  { content: counter(source-line);
    position: relative; left: -1em; text-align: right; vertical-align: baseline;
    border: none; display: inline-block;
    -webkit-touch-callout: none; -webkit-user-select: none;
    -khtml-user-select: none; -moz-user-select: none;
    -ms-user-select: none; user-select: none;
    padding: 0 4px; width: 4em;
  }
pre.numberSource { margin-left: 3em;  padding-left: 4px; }
div.sourceCode
  {   }
@media screen {
pre > code.sourceCode > span > a:first-child::before { text-decoration: underline; }
}
</style>

<script src="site_libs/quarto-nav/quarto-nav.js"></script>
<script src="site_libs/quarto-nav/headroom.min.js"></script>
<script src="site_libs/clipboard/clipboard.min.js"></script>
<script src="site_libs/quarto-search/autocomplete.umd.js"></script>
<script src="site_libs/quarto-search/fuse.min.js"></script>
<script src="site_libs/quarto-search/quarto-search.js"></script>
<meta name="quarto:offset" content="./">
<link href="./03-preprocesamiento-datos.html" rel="next">
<link href="./01-intro.html" rel="prev">
<link href="./img/logos/favicon.ico" rel="icon">
<script src="site_libs/quarto-html/quarto.js"></script>
<script src="site_libs/quarto-html/popper.min.js"></script>
<script src="site_libs/quarto-html/tippy.umd.min.js"></script>
<script src="site_libs/quarto-html/anchor.min.js"></script>
<link href="site_libs/quarto-html/tippy.css" rel="stylesheet">
<link href="site_libs/quarto-html/quarto-syntax-highlighting-dece3bd051e391dd7205a6b15f93dc59.css" rel="stylesheet" class="quarto-color-scheme" id="quarto-text-highlighting-styles">
<link href="site_libs/quarto-html/quarto-syntax-highlighting-dark-ed04999718f06b735b1f8009dce43b94.css" rel="stylesheet" class="quarto-color-scheme quarto-color-alternate" id="quarto-text-highlighting-styles">
<script src="site_libs/bootstrap/bootstrap.min.js"></script>
<link href="site_libs/bootstrap/bootstrap-icons.css" rel="stylesheet">
<link href="site_libs/bootstrap/bootstrap-46a88caea08e5b9a1975204fd2ee7243.min.css" rel="stylesheet" append-hash="true" class="quarto-color-scheme" id="quarto-bootstrap" data-mode="light">
<link href="site_libs/bootstrap/bootstrap-dark-7368de09804af36951760694b4897ece.min.css" rel="stylesheet" append-hash="true" class="quarto-color-scheme quarto-color-alternate" id="quarto-bootstrap" data-mode="dark"><script id="quarto-search-options" type="application/json">{
  "location": "sidebar",
  "copy-button": false,
  "collapse-after": 3,
  "panel-placement": "start",
  "type": "textbox",
  "limit": 50,
  "keyboard-shortcut": [
    "f",
    "/",
    "s"
  ],
  "show-item-context": false,
  "language": {
    "search-no-results-text": "Sin resultados",
    "search-matching-documents-text": "documentos encontrados",
    "search-copy-link-title": "Copiar el enlace en la búsqueda",
    "search-hide-matches-text": "Ocultar resultados adicionales",
    "search-more-match-text": "resultado adicional en este documento",
    "search-more-matches-text": "resultados adicionales en este documento",
    "search-clear-button-title": "Borrar",
    "search-text-placeholder": "",
    "search-detached-cancel-button-title": "Cancelar",
    "search-submit-button-title": "Enviar",
    "search-label": "Buscar"
  }
}</script><script src="site_libs/kePrint-0.0.1/kePrint.js"></script><link href="site_libs/lightable-0.0.1/lightable.css" rel="stylesheet">
<script src="https://cdnjs.cloudflare.com/polyfill/v3/polyfill.min.js?features=es6"></script><script src="https://cdn.jsdelivr.net/npm/mathjax@3/es5/tex-chtml-full.js" type="text/javascript"></script><script type="text/javascript">
const typesetMath = (el) => {
  if (window.MathJax) {
    // MathJax Typeset
    window.MathJax.typeset([el]);
  } else if (window.katex) {
    // KaTeX Render
    var mathElements = el.getElementsByClassName("math");
    var macros = [];
    for (var i = 0; i < mathElements.length; i++) {
      var texText = mathElements[i].firstChild;
      if (mathElements[i].tagName == "SPAN") {
        window.katex.render(texText.data, mathElements[i], {
          displayMode: mathElements[i].classList.contains('display'),
          throwOnError: false,
          macros: macros,
          fleqn: false
        });
      }
    }
  }
}
window.Quarto = {
  typesetMath
};
</script>
<meta property="og:title" content="2&nbsp; Tipos y estructuras de datos – Prácticas de Estadística con R">
<meta property="og:description" content="">
<meta property="og:image" content="img/logos/sticker-estadistica-r.png">
<meta property="og:site_name" content="Prácticas de Estadística con R">
<meta name="twitter:title" content="2&nbsp; Tipos y estructuras de datos – Prácticas de Estadística con R">
<meta name="twitter:description" content="">
<meta name="twitter:image" content="img/logos/sticker-estadistica-r.png">
<meta name="twitter:site" content="@aprendeconalf">
<meta name="twitter:card" content="summary_large_image">
</head>
<body class="nav-sidebar floating">

<div id="quarto-search-results"></div>
  <header id="quarto-header" class="headroom fixed-top"><nav class="quarto-secondary-nav"><div class="container-fluid d-flex">
      <button type="button" class="quarto-btn-toggle btn" data-bs-toggle="collapse" role="button" data-bs-target=".quarto-sidebar-collapse-item" aria-controls="quarto-sidebar" aria-expanded="false" aria-label="Alternar barra lateral" onclick="if (window.quartoToggleHeadroom) { window.quartoToggleHeadroom(); }">
        <i class="bi bi-layout-text-sidebar-reverse"></i>
      </button>
        <nav class="quarto-page-breadcrumbs" aria-label="breadcrumb"><ol class="breadcrumb"><li class="breadcrumb-item"><a href="./02-tipos-datos.html"><span class="chapter-number">2</span>&nbsp; <span class="chapter-title">Tipos y estructuras de datos</span></a></li></ol></nav>
        <a class="flex-grow-1" role="navigation" data-bs-toggle="collapse" data-bs-target=".quarto-sidebar-collapse-item" aria-controls="quarto-sidebar" aria-expanded="false" aria-label="Alternar barra lateral" onclick="if (window.quartoToggleHeadroom) { window.quartoToggleHeadroom(); }">      
        </a>
      <button type="button" class="btn quarto-search-button" aria-label="Buscar" onclick="window.quartoOpenSearch();">
        <i class="bi bi-search"></i>
      </button>
    </div>
  </nav></header><!-- content --><div id="quarto-content" class="quarto-container page-columns page-rows-contents page-layout-article">
<!-- sidebar -->
  <nav id="quarto-sidebar" class="sidebar collapse collapse-horizontal quarto-sidebar-collapse-item sidebar-navigation floating overflow-auto"><div class="pt-lg-2 mt-2 text-left sidebar-header sidebar-header-stacked">
      <a href="./index.html" class="sidebar-logo-link">
      <img src="./img/logos/aprendeconalf.png" alt="" class="sidebar-logo py-0 d-lg-inline d-none"></a>
    <div class="sidebar-title mb-0 py-0">
      <a href="./">Prácticas de Estadística con R</a> 
        <div class="sidebar-tools-main tools-wide">
    <a href="https://aprendeconalf.es" title="" class="quarto-navigation-tool px-1" aria-label=""><i class="bi bi-house-fill"></i></a>
    <div class="dropdown">
      <a href="" title="Download" id="quarto-navigation-tool-dropdown-0" class="quarto-navigation-tool dropdown-toggle px-1" data-bs-toggle="dropdown" aria-expanded="false" role="link" aria-label="Download"><i class="bi bi-download"></i></a>
      <ul class="dropdown-menu" aria-labelledby="quarto-navigation-tool-dropdown-0">
<li>
            <a class="dropdown-item sidebar-tools-main-item" href="./estadistica-practicas-r.pdf">
              <i class="bi bi-file-pdf pe-1"></i>
            Download PDF
            </a>
          </li>
          <li>
            <a class="dropdown-item sidebar-tools-main-item" href="./estadistica-practicas-r.epub">
              <i class="bi bi-journal pe-1"></i>
            Download ePub
            </a>
          </li>
      </ul>
</div>
    <div class="dropdown">
      <a href="" title="Share" id="quarto-navigation-tool-dropdown-1" class="quarto-navigation-tool dropdown-toggle px-1" data-bs-toggle="dropdown" aria-expanded="false" role="link" aria-label="Share"><i class="bi bi-share"></i></a>
      <ul class="dropdown-menu" aria-labelledby="quarto-navigation-tool-dropdown-1">
<li>
            <a class="dropdown-item sidebar-tools-main-item" href="https://twitter.com/intent/tweet?url=|url|">
              <i class="bi bi-twitter pe-1"></i>
            Twitter
            </a>
          </li>
          <li>
            <a class="dropdown-item sidebar-tools-main-item" href="https://www.linkedin.com/sharing/share-offsite/?url=|url|">
              <i class="bi bi-linkedin pe-1"></i>
            LinkedIn
            </a>
          </li>
      </ul>
</div>
  <a href="" class="quarto-color-scheme-toggle quarto-navigation-tool  px-1" onclick="window.quartoToggleColorScheme(); return false;" title="Alternar modo oscuro"><i class="bi"></i></a>
</div>
    </div>
      </div>
        <div class="mt-2 flex-shrink-0 align-items-center">
        <div class="sidebar-search">
        <div id="quarto-search" class="" title="Buscar"></div>
        </div>
        </div>
    <div class="sidebar-menu-container"> 
    <ul class="list-unstyled mt-1">
<li class="sidebar-item">
  <div class="sidebar-item-container"> 
  <a href="./index.html" class="sidebar-item-text sidebar-link">
 <span class="menu-text">Prefacio</span></a>
  </div>
</li>
        <li class="sidebar-item">
  <div class="sidebar-item-container"> 
  <a href="./01-intro.html" class="sidebar-item-text sidebar-link">
 <span class="menu-text"><span class="chapter-number">1</span>&nbsp; <span class="chapter-title">Introducción a R</span></span></a>
  </div>
</li>
        <li class="sidebar-item">
  <div class="sidebar-item-container"> 
  <a href="./02-tipos-datos.html" class="sidebar-item-text sidebar-link active">
 <span class="menu-text"><span class="chapter-number">2</span>&nbsp; <span class="chapter-title">Tipos y estructuras de datos</span></span></a>
  </div>
</li>
        <li class="sidebar-item">
  <div class="sidebar-item-container"> 
  <a href="./03-preprocesamiento-datos.html" class="sidebar-item-text sidebar-link">
 <span class="menu-text"><span class="chapter-number">3</span>&nbsp; <span class="chapter-title">Preprocesamiento de datos</span></span></a>
  </div>
</li>
        <li class="sidebar-item">
  <div class="sidebar-item-container"> 
  <a href="./04-frecuencias-graficos.html" class="sidebar-item-text sidebar-link">
 <span class="menu-text"><span class="chapter-number">4</span>&nbsp; <span class="chapter-title">Distribuciones de frecuencias y representaciones gráficas</span></span></a>
  </div>
</li>
        <li class="sidebar-item">
  <div class="sidebar-item-container"> 
  <a href="./05-descriptiva.html" class="sidebar-item-text sidebar-link">
 <span class="menu-text"><span class="chapter-number">5</span>&nbsp; <span class="chapter-title">Estadística Descriptiva</span></span></a>
  </div>
</li>
        <li class="sidebar-item">
  <div class="sidebar-item-container"> 
  <a href="./06-regresion.html" class="sidebar-item-text sidebar-link">
 <span class="menu-text"><span class="chapter-number">6</span>&nbsp; <span class="chapter-title">Regresión</span></span></a>
  </div>
</li>
        <li class="sidebar-item">
  <div class="sidebar-item-container"> 
  <a href="./07-distribuciones-probabilidad.html" class="sidebar-item-text sidebar-link">
 <span class="menu-text"><span class="chapter-number">7</span>&nbsp; <span class="chapter-title">Distribuciones de probabilidad</span></span></a>
  </div>
</li>
        <li class="sidebar-item">
  <div class="sidebar-item-container"> 
  <a href="./08-intervalos-confianza.html" class="sidebar-item-text sidebar-link">
 <span class="menu-text"><span class="chapter-number">8</span>&nbsp; <span class="chapter-title">Intervalos de confianza</span></span></a>
  </div>
</li>
        <li class="sidebar-item">
  <div class="sidebar-item-container"> 
  <a href="./09-contrastes-hipotesis-parametricos.html" class="sidebar-item-text sidebar-link">
 <span class="menu-text"><span class="chapter-number">9</span>&nbsp; <span class="chapter-title">Contrastes de hipótesis paramétricos de una y dos poblaciones</span></span></a>
  </div>
</li>
        <li class="sidebar-item">
  <div class="sidebar-item-container"> 
  <a href="./10-anova.html" class="sidebar-item-text sidebar-link">
 <span class="menu-text"><span class="chapter-number">10</span>&nbsp; <span class="chapter-title">Análisis de la Varianza (ANOVA)</span></span></a>
  </div>
</li>
    </ul>
</div>
</nav><div id="quarto-sidebar-glass" class="quarto-sidebar-collapse-item" data-bs-toggle="collapse" data-bs-target=".quarto-sidebar-collapse-item"></div>
<!-- margin-sidebar -->
    <div id="quarto-margin-sidebar" class="sidebar margin-sidebar">
        <nav id="TOC" role="doc-toc" class="toc-active"><h2 id="toc-title">Tabla de contenidos</h2>
   
  <ul>
<li><a href="#ejercicios-resueltos" id="toc-ejercicios-resueltos" class="nav-link active" data-scroll-target="#ejercicios-resueltos"><span class="header-section-number">2.1</span> Ejercicios Resueltos</a></li>
  <li><a href="#ejercicios-propuestos" id="toc-ejercicios-propuestos" class="nav-link" data-scroll-target="#ejercicios-propuestos"><span class="header-section-number">2.2</span> Ejercicios Propuestos</a></li>
  </ul></nav>
    </div>
<!-- main -->
<main class="content" id="quarto-document-content"><header id="title-block-header" class="quarto-title-block default"><div class="quarto-title">
<h1 class="title">
<span class="chapter-number">2</span>&nbsp; <span class="chapter-title">Tipos y estructuras de datos</span>
</h1>
</div>



<div class="quarto-title-meta">

    
  
    
  </div>
  


</header><p>Esta práctica contiene ejercicios que muestran cómo trabajar con los tipos y estructuras de datos en R. En concreto, las estructuras de datos que se utilizan son</p>
<pre><code>- Vectores.
- Factores.
- Matrices.
- Listas.
- Dataframes.</code></pre>
<section id="ejercicios-resueltos" class="level2" data-number="2.1"><h2 data-number="2.1" class="anchored" data-anchor-id="ejercicios-resueltos">
<span class="header-section-number">2.1</span> Ejercicios Resueltos</h2>
<p>Para la realización de esta práctica se requieren los siguientes paquetes.</p>
<div class="cell">
<div class="sourceCode" id="cb2"><pre class="downlit sourceCode r code-with-copy"><code class="sourceCode R"><span><span class="kw"><a href="https://rdrr.io/r/base/library.html">library</a></span><span class="op">(</span><span class="va"><a href="https://tidyverse.tidyverse.org">tidyverse</a></span><span class="op">)</span> </span>
<span><span class="co"># Incluye los siguientes paquetes:</span></span>
<span><span class="co"># - readr: para la lectura de ficheros csv. </span></span>
<span><span class="co"># - dplyr: para el preprocesamiento y manipulación de datos.</span></span></code><button title="Copiar al portapapeles" class="code-copy-button"><i class="bi"></i></button></pre></div>
</div>
<div id="exr-vectores-1" class="theorem exercise">
<p><span class="theorem-title"><strong>Ejercicio 2.1</strong></span> Realizar las siguientes operaciones con vectores.</p>
<ol type="a">
<li>
<p>Crear un vector con los números del 1 al 10.</p>
<div class="callout callout-style-default callout-tip callout-titled">
<div class="callout-header d-flex align-content-center" data-bs-toggle="collapse" data-bs-target=".callout-1-contents" aria-controls="callout-1" aria-expanded="false" aria-label="Toggle callout">
<div class="callout-icon-container">
<i class="callout-icon"></i>
</div>
<div class="callout-title-container flex-fill">
Solución
</div>
<div class="callout-btn-toggle d-inline-block border-0 py-1 ps-1 pe-0 float-end"><i class="callout-toggle"></i></div>
</div>
<div id="callout-1" class="callout-1-contents callout-collapse collapse">
<div class="callout-body-container callout-body">
<div class="tabset-margin-container"></div><div class="panel-tabset">
<ul class="nav nav-tabs" role="tablist">
<li class="nav-item" role="presentation"><a class="nav-link active" id="tabset-1-1-tab" data-bs-toggle="tab" data-bs-target="#tabset-1-1" role="tab" aria-controls="tabset-1-1" aria-selected="true">Función c</a></li>
<li class="nav-item" role="presentation"><a class="nav-link" id="tabset-1-2-tab" data-bs-toggle="tab" data-bs-target="#tabset-1-2" role="tab" aria-controls="tabset-1-2" aria-selected="false">Operador :</a></li>
</ul>
<div class="tab-content">
<div id="tabset-1-1" class="tab-pane active" role="tabpanel" aria-labelledby="tabset-1-1-tab">
<p>La función <code><a href="https://rdrr.io/r/base/c.html">c()</a></code> permite combinar elementos en un vector. Los elementos se introducen separados por comas.</p>
<div class="cell">
<div class="sourceCode" id="cb3"><pre class="downlit sourceCode r code-with-copy"><code class="sourceCode R"><span><span class="va">numeros</span> <span class="op">&lt;-</span> <span class="fu"><a href="https://rdrr.io/r/base/c.html">c</a></span><span class="op">(</span><span class="fl">1</span>, <span class="fl">2</span>, <span class="fl">3</span>, <span class="fl">4</span>, <span class="fl">5</span>, <span class="fl">6</span>, <span class="fl">7</span>, <span class="fl">8</span>, <span class="fl">9</span>, <span class="fl">10</span><span class="op">)</span></span>
<span><span class="va">numeros</span></span></code><button title="Copiar al portapapeles" class="code-copy-button"><i class="bi"></i></button></pre></div>
<div class="cell-output cell-output-stdout">
<pre><code> [1]  1  2  3  4  5  6  7  8  9 10</code></pre>
</div>
</div>
</div>
<div id="tabset-1-2" class="tab-pane" role="tabpanel" aria-labelledby="tabset-1-2-tab">
<p>El operador <code>inicio:fin</code> permite crear un vector con la secuencia de números enteros desde el número <code>inicio</code> hasta el número <code>fin</code>.</p>
<div class="cell">
<div class="sourceCode" id="cb5"><pre class="downlit sourceCode r code-with-copy"><code class="sourceCode R"><span><span class="va">numeros</span> <span class="op">&lt;-</span> <span class="fl">1</span><span class="op">:</span><span class="fl">10</span></span>
<span><span class="va">numeros</span></span></code><button title="Copiar al portapapeles" class="code-copy-button"><i class="bi"></i></button></pre></div>
<div class="cell-output cell-output-stdout">
<pre><code> [1]  1  2  3  4  5  6  7  8  9 10</code></pre>
</div>
</div>
</div>
</div>
</div>
</div>
</div>
</div>
</li>
<li>
<p>Mostrar el número de elementos del vector anterior.</p>
<div class="callout callout-style-default callout-tip callout-titled">
<div class="callout-header d-flex align-content-center" data-bs-toggle="collapse" data-bs-target=".callout-2-contents" aria-controls="callout-2" aria-expanded="false" aria-label="Toggle callout">
<div class="callout-icon-container">
<i class="callout-icon"></i>
</div>
<div class="callout-title-container flex-fill">
Solución
</div>
<div class="callout-btn-toggle d-inline-block border-0 py-1 ps-1 pe-0 float-end"><i class="callout-toggle"></i></div>
</div>
<div id="callout-2" class="callout-2-contents callout-collapse collapse">
<div class="callout-body-container callout-body">
<div class="cell">
<div class="sourceCode" id="cb7"><pre class="downlit sourceCode r code-with-copy"><code class="sourceCode R"><span><span class="fu"><a href="https://rdrr.io/r/base/length.html">length</a></span><span class="op">(</span><span class="va">numeros</span><span class="op">)</span></span></code><button title="Copiar al portapapeles" class="code-copy-button"><i class="bi"></i></button></pre></div>
<div class="cell-output cell-output-stdout">
<pre><code>[1] 10</code></pre>
</div>
</div>
</div>
</div>
</div>
</li>
<li>
<p>Crear un vector con los números pares del 1 al 10.</p>
<div class="callout callout-style-default callout-tip callout-titled">
<div class="callout-header d-flex align-content-center" data-bs-toggle="collapse" data-bs-target=".callout-3-contents" aria-controls="callout-3" aria-expanded="false" aria-label="Toggle callout">
<div class="callout-icon-container">
<i class="callout-icon"></i>
</div>
<div class="callout-title-container flex-fill">
Solución
</div>
<div class="callout-btn-toggle d-inline-block border-0 py-1 ps-1 pe-0 float-end"><i class="callout-toggle"></i></div>
</div>
<div id="callout-3" class="callout-3-contents callout-collapse collapse">
<div class="callout-body-container callout-body">
<div class="tabset-margin-container"></div><div class="panel-tabset">
<ul class="nav nav-tabs" role="tablist">
<li class="nav-item" role="presentation"><a class="nav-link active" id="tabset-2-1-tab" data-bs-toggle="tab" data-bs-target="#tabset-2-1" role="tab" aria-controls="tabset-2-1" aria-selected="true">Función c</a></li>
<li class="nav-item" role="presentation"><a class="nav-link" id="tabset-2-2-tab" data-bs-toggle="tab" data-bs-target="#tabset-2-2" role="tab" aria-controls="tabset-2-2" aria-selected="false">Función seq</a></li>
</ul>
<div class="tab-content">
<div id="tabset-2-1" class="tab-pane active" role="tabpanel" aria-labelledby="tabset-2-1-tab">
<div class="cell">
<div class="sourceCode" id="cb9"><pre class="downlit sourceCode r code-with-copy"><code class="sourceCode R"><span><span class="va">pares</span> <span class="op">&lt;-</span> <span class="fu"><a href="https://rdrr.io/r/base/c.html">c</a></span><span class="op">(</span><span class="fl">2</span>, <span class="fl">4</span>, <span class="fl">6</span>, <span class="fl">8</span>, <span class="fl">10</span><span class="op">)</span></span>
<span><span class="va">pares</span></span></code><button title="Copiar al portapapeles" class="code-copy-button"><i class="bi"></i></button></pre></div>
<div class="cell-output cell-output-stdout">
<pre><code>[1]  2  4  6  8 10</code></pre>
</div>
</div>
</div>
<div id="tabset-2-2" class="tab-pane" role="tabpanel" aria-labelledby="tabset-2-2-tab">
<p>La función <code>seq(inicio, fin, salto)</code> permite crear un vector con la secuencia de números enteros desde el número <code>inicio</code> hasta el número <code>fin</code> con un salto de <code>salto</code>.</p>
<div class="cell">
<div class="sourceCode" id="cb11"><pre class="downlit sourceCode r code-with-copy"><code class="sourceCode R"><span><span class="va">pares</span> <span class="op">&lt;-</span> <span class="fu"><a href="https://rdrr.io/r/base/seq.html">seq</a></span><span class="op">(</span><span class="fl">2</span>, <span class="fl">10</span>, by <span class="op">=</span> <span class="fl">2</span><span class="op">)</span></span>
<span><span class="va">pares</span></span></code><button title="Copiar al portapapeles" class="code-copy-button"><i class="bi"></i></button></pre></div>
<div class="cell-output cell-output-stdout">
<pre><code>[1]  2  4  6  8 10</code></pre>
</div>
</div>
</div>
</div>
</div>
</div>
</div>
</div>
</li>
<li>
<p>Crear un vector con el cuadrado de los elementos del vector anterior.</p>
<div class="callout callout-style-default callout-tip callout-titled">
<div class="callout-header d-flex align-content-center" data-bs-toggle="collapse" data-bs-target=".callout-4-contents" aria-controls="callout-4" aria-expanded="false" aria-label="Toggle callout">
<div class="callout-icon-container">
<i class="callout-icon"></i>
</div>
<div class="callout-title-container flex-fill">
Solución
</div>
<div class="callout-btn-toggle d-inline-block border-0 py-1 ps-1 pe-0 float-end"><i class="callout-toggle"></i></div>
</div>
<div id="callout-4" class="callout-4-contents callout-collapse collapse">
<div class="callout-body-container callout-body">
<p>El operador <code>^</code> permite elevar un número a otro. Cuando se aplica a un vector, eleva cada elemento del vector al número indicado.</p>
<div class="cell">
<div class="sourceCode" id="cb13"><pre class="downlit sourceCode r code-with-copy"><code class="sourceCode R"><span><span class="va">cuadrados</span> <span class="op">&lt;-</span> <span class="va">pares</span><span class="op">^</span><span class="fl">2</span></span>
<span><span class="va">cuadrados</span></span></code><button title="Copiar al portapapeles" class="code-copy-button"><i class="bi"></i></button></pre></div>
<div class="cell-output cell-output-stdout">
<pre><code>[1]   4  16  36  64 100</code></pre>
</div>
</div>
</div>
</div>
</div>
</li>
<li>
<p>Crear un vector con 5 números aleatorios entre 1 y 10.</p>
<div class="callout callout-style-default callout-tip callout-titled">
<div class="callout-header d-flex align-content-center" data-bs-toggle="collapse" data-bs-target=".callout-5-contents" aria-controls="callout-5" aria-expanded="false" aria-label="Toggle callout">
<div class="callout-icon-container">
<i class="callout-icon"></i>
</div>
<div class="callout-title-container flex-fill">
Solución
</div>
<div class="callout-btn-toggle d-inline-block border-0 py-1 ps-1 pe-0 float-end"><i class="callout-toggle"></i></div>
</div>
<div id="callout-5" class="callout-5-contents callout-collapse collapse">
<div class="callout-body-container callout-body">
<p>La función <code>sample(vector, n)</code> permite seleccionar <code>n</code> elementos aleatorios de <code>vector</code>. El muestreo es sin reemplazamiento.</p>
<div class="cell">
<div class="sourceCode" id="cb15"><pre class="downlit sourceCode r code-with-copy"><code class="sourceCode R"><span><span class="va">aleatorios</span> <span class="op">&lt;-</span> <span class="fu"><a href="https://rdrr.io/r/base/sample.html">sample</a></span><span class="op">(</span><span class="fl">1</span><span class="op">:</span><span class="fl">10</span>, <span class="fl">5</span><span class="op">)</span></span>
<span><span class="va">aleatorios</span></span></code><button title="Copiar al portapapeles" class="code-copy-button"><i class="bi"></i></button></pre></div>
<div class="cell-output cell-output-stdout">
<pre><code>[1]  3 10  2  8  6</code></pre>
</div>
</div>
</div>
</div>
</div>
</li>
<li>
<p>Crear un vector booleano con los números del vector anterior que son pares.</p>
<div class="callout callout-style-default callout-tip callout-titled">
<div class="callout-header d-flex align-content-center" data-bs-toggle="collapse" data-bs-target=".callout-6-contents" aria-controls="callout-6" aria-expanded="false" aria-label="Toggle callout">
<div class="callout-icon-container">
<i class="callout-icon"></i>
</div>
<div class="callout-title-container flex-fill">
Solución
</div>
<div class="callout-btn-toggle d-inline-block border-0 py-1 ps-1 pe-0 float-end"><i class="callout-toggle"></i></div>
</div>
<div id="callout-6" class="callout-6-contents callout-collapse collapse">
<div class="callout-body-container callout-body">
<p>El operador <code>%%</code> permite calcular el resto de la división entera de dos números. Si el resto es 0, el número es par. Y el operador <code>==</code> permite comparar dos vectores elemento a elemento.</p>
<div class="cell">
<div class="sourceCode" id="cb17"><pre class="downlit sourceCode r code-with-copy"><code class="sourceCode R"><span><span class="va">par</span> <span class="op">&lt;-</span> <span class="va">aleatorios</span> <span class="op"><a href="https://rdrr.io/r/base/Arithmetic.html">%%</a></span> <span class="fl">2</span> <span class="op">==</span> <span class="fl">0</span></span>
<span><span class="va">par</span></span></code><button title="Copiar al portapapeles" class="code-copy-button"><i class="bi"></i></button></pre></div>
<div class="cell-output cell-output-stdout">
<pre><code>[1] FALSE  TRUE  TRUE  TRUE  TRUE</code></pre>
</div>
</div>
</div>
</div>
</div>
</li>
<li>
<p>Crear un vector con 100 números aleatorios entre 0 y 1.</p>
<div class="callout callout-style-default callout-tip callout-titled">
<div class="callout-header d-flex align-content-center" data-bs-toggle="collapse" data-bs-target=".callout-7-contents" aria-controls="callout-7" aria-expanded="false" aria-label="Toggle callout">
<div class="callout-icon-container">
<i class="callout-icon"></i>
</div>
<div class="callout-title-container flex-fill">
Solución
</div>
<div class="callout-btn-toggle d-inline-block border-0 py-1 ps-1 pe-0 float-end"><i class="callout-toggle"></i></div>
</div>
<div id="callout-7" class="callout-7-contents callout-collapse collapse">
<div class="callout-body-container callout-body">
<p>La función <code>runif(n, min, max)</code> permite generar <code>n</code> números aleatorios entre <code>min</code> y <code>max</code>.</p>
<div class="cell">
<div class="sourceCode" id="cb19"><pre class="downlit sourceCode r code-with-copy"><code class="sourceCode R"><span><span class="va">aleatorios2</span> <span class="op">&lt;-</span> <span class="fu"><a href="https://rdrr.io/r/stats/Uniform.html">runif</a></span><span class="op">(</span><span class="fl">100</span>, <span class="fl">0</span>, <span class="fl">1</span><span class="op">)</span></span>
<span><span class="va">aleatorios2</span></span></code><button title="Copiar al portapapeles" class="code-copy-button"><i class="bi"></i></button></pre></div>
<div class="cell-output cell-output-stdout">
<pre><code>  [1] 0.5514350145 0.4566147353 0.9568333453 0.4533341562 0.6775706355
  [6] 0.5726334020 0.1029246827 0.8998249704 0.2460877344 0.0420595335
 [11] 0.3279207193 0.9545036491 0.8895393161 0.6928034062 0.6405068138
 [16] 0.9942697766 0.6557057991 0.7085304682 0.5440660247 0.5941420204
 [21] 0.2891597373 0.1471136473 0.9630242325 0.9022990451 0.6907052784
 [26] 0.7954674177 0.0246136845 0.4777959711 0.7584595375 0.2164079358
 [31] 0.3181810076 0.2316257854 0.1428000224 0.4145463358 0.4137243263
 [36] 0.3688454509 0.1524447477 0.1388060634 0.2330340995 0.4659624503
 [41] 0.2659726404 0.8578277153 0.0458311667 0.4422000742 0.7989248456
 [46] 0.1218992600 0.5609479838 0.2065313896 0.1275316502 0.7533078643
 [51] 0.8950453592 0.3744627759 0.6651151946 0.0948406609 0.3839696378
 [56] 0.2743836446 0.8146400389 0.4485163414 0.8100643530 0.8123895095
 [61] 0.7943423211 0.4398316876 0.7544751586 0.6292211316 0.7101824014
 [66] 0.0006247733 0.4753165741 0.2201188852 0.3798165377 0.6127710033
 [71] 0.3517979092 0.1111354243 0.2436194727 0.6680555874 0.4176467797
 [76] 0.7881958340 0.1028646443 0.4348927415 0.9849569800 0.8930511144
 [81] 0.8864690608 0.1750526503 0.1306956916 0.6531019250 0.3435164723
 [86] 0.6567581280 0.3203732425 0.1876911193 0.7822943013 0.0935949867
 [91] 0.4667790416 0.5115054599 0.5999889593 0.3328235403 0.4886130337
 [96] 0.9544738275 0.4829023972 0.8903502221 0.9144381869 0.6087349823</code></pre>
</div>
</div>
</div>
</div>
</div>
</li>
<li>
<p>Ordenar el vector anterior de menor a mayor.</p>
<div class="callout callout-style-default callout-tip callout-titled">
<div class="callout-header d-flex align-content-center" data-bs-toggle="collapse" data-bs-target=".callout-8-contents" aria-controls="callout-8" aria-expanded="false" aria-label="Toggle callout">
<div class="callout-icon-container">
<i class="callout-icon"></i>
</div>
<div class="callout-title-container flex-fill">
Solución
</div>
<div class="callout-btn-toggle d-inline-block border-0 py-1 ps-1 pe-0 float-end"><i class="callout-toggle"></i></div>
</div>
<div id="callout-8" class="callout-8-contents callout-collapse collapse">
<div class="callout-body-container callout-body">
<p>La función <code>sort(vector)</code> permite ordenar los elementos de un vector de menor a mayor.</p>
<div class="cell">
<div class="sourceCode" id="cb21"><pre class="downlit sourceCode r code-with-copy"><code class="sourceCode R"><span><span class="fu"><a href="https://rdrr.io/r/base/sort.html">sort</a></span><span class="op">(</span><span class="va">aleatorios2</span><span class="op">)</span></span></code><button title="Copiar al portapapeles" class="code-copy-button"><i class="bi"></i></button></pre></div>
<div class="cell-output cell-output-stdout">
<pre><code>  [1] 0.0006247733 0.0246136845 0.0420595335 0.0458311667 0.0935949867
  [6] 0.0948406609 0.1028646443 0.1029246827 0.1111354243 0.1218992600
 [11] 0.1275316502 0.1306956916 0.1388060634 0.1428000224 0.1471136473
 [16] 0.1524447477 0.1750526503 0.1876911193 0.2065313896 0.2164079358
 [21] 0.2201188852 0.2316257854 0.2330340995 0.2436194727 0.2460877344
 [26] 0.2659726404 0.2743836446 0.2891597373 0.3181810076 0.3203732425
 [31] 0.3279207193 0.3328235403 0.3435164723 0.3517979092 0.3688454509
 [36] 0.3744627759 0.3798165377 0.3839696378 0.4137243263 0.4145463358
 [41] 0.4176467797 0.4348927415 0.4398316876 0.4422000742 0.4485163414
 [46] 0.4533341562 0.4566147353 0.4659624503 0.4667790416 0.4753165741
 [51] 0.4777959711 0.4829023972 0.4886130337 0.5115054599 0.5440660247
 [56] 0.5514350145 0.5609479838 0.5726334020 0.5941420204 0.5999889593
 [61] 0.6087349823 0.6127710033 0.6292211316 0.6405068138 0.6531019250
 [66] 0.6557057991 0.6567581280 0.6651151946 0.6680555874 0.6775706355
 [71] 0.6907052784 0.6928034062 0.7085304682 0.7101824014 0.7533078643
 [76] 0.7544751586 0.7584595375 0.7822943013 0.7881958340 0.7943423211
 [81] 0.7954674177 0.7989248456 0.8100643530 0.8123895095 0.8146400389
 [86] 0.8578277153 0.8864690608 0.8895393161 0.8903502221 0.8930511144
 [91] 0.8950453592 0.8998249704 0.9022990451 0.9144381869 0.9544738275
 [96] 0.9545036491 0.9568333453 0.9630242325 0.9849569800 0.9942697766</code></pre>
</div>
</div>
</div>
</div>
</div>
</li>
<li>
<p>Ordenar el vector anterior de mayor a menor.</p>
<div class="callout callout-style-default callout-tip callout-titled">
<div class="callout-header d-flex align-content-center" data-bs-toggle="collapse" data-bs-target=".callout-9-contents" aria-controls="callout-9" aria-expanded="false" aria-label="Toggle callout">
<div class="callout-icon-container">
<i class="callout-icon"></i>
</div>
<div class="callout-title-container flex-fill">
Solución
</div>
<div class="callout-btn-toggle d-inline-block border-0 py-1 ps-1 pe-0 float-end"><i class="callout-toggle"></i></div>
</div>
<div id="callout-9" class="callout-9-contents callout-collapse collapse">
<div class="callout-body-container callout-body">
<p>La función <code>sort(vector, decreasing = TRUE)</code> permite ordenar los elementos de un vector de mayor a menor.</p>
<div class="cell">
<div class="sourceCode" id="cb23"><pre class="downlit sourceCode r code-with-copy"><code class="sourceCode R"><span><span class="fu"><a href="https://rdrr.io/r/base/sort.html">sort</a></span><span class="op">(</span><span class="va">aleatorios2</span>, decreasing <span class="op">=</span> <span class="cn">TRUE</span><span class="op">)</span></span></code><button title="Copiar al portapapeles" class="code-copy-button"><i class="bi"></i></button></pre></div>
<div class="cell-output cell-output-stdout">
<pre><code>  [1] 0.9942697766 0.9849569800 0.9630242325 0.9568333453 0.9545036491
  [6] 0.9544738275 0.9144381869 0.9022990451 0.8998249704 0.8950453592
 [11] 0.8930511144 0.8903502221 0.8895393161 0.8864690608 0.8578277153
 [16] 0.8146400389 0.8123895095 0.8100643530 0.7989248456 0.7954674177
 [21] 0.7943423211 0.7881958340 0.7822943013 0.7584595375 0.7544751586
 [26] 0.7533078643 0.7101824014 0.7085304682 0.6928034062 0.6907052784
 [31] 0.6775706355 0.6680555874 0.6651151946 0.6567581280 0.6557057991
 [36] 0.6531019250 0.6405068138 0.6292211316 0.6127710033 0.6087349823
 [41] 0.5999889593 0.5941420204 0.5726334020 0.5609479838 0.5514350145
 [46] 0.5440660247 0.5115054599 0.4886130337 0.4829023972 0.4777959711
 [51] 0.4753165741 0.4667790416 0.4659624503 0.4566147353 0.4533341562
 [56] 0.4485163414 0.4422000742 0.4398316876 0.4348927415 0.4176467797
 [61] 0.4145463358 0.4137243263 0.3839696378 0.3798165377 0.3744627759
 [66] 0.3688454509 0.3517979092 0.3435164723 0.3328235403 0.3279207193
 [71] 0.3203732425 0.3181810076 0.2891597373 0.2743836446 0.2659726404
 [76] 0.2460877344 0.2436194727 0.2330340995 0.2316257854 0.2201188852
 [81] 0.2164079358 0.2065313896 0.1876911193 0.1750526503 0.1524447477
 [86] 0.1471136473 0.1428000224 0.1388060634 0.1306956916 0.1275316502
 [91] 0.1218992600 0.1111354243 0.1029246827 0.1028646443 0.0948406609
 [96] 0.0935949867 0.0458311667 0.0420595335 0.0246136845 0.0006247733</code></pre>
</div>
</div>
</div>
</div>
</div>
</li>
<li>
<p>Crear un vector con los días laborables de la semana.</p>
<div class="callout callout-style-default callout-tip callout-titled">
<div class="callout-header d-flex align-content-center" data-bs-toggle="collapse" data-bs-target=".callout-10-contents" aria-controls="callout-10" aria-expanded="false" aria-label="Toggle callout">
<div class="callout-icon-container">
<i class="callout-icon"></i>
</div>
<div class="callout-title-container flex-fill">
Solución
</div>
<div class="callout-btn-toggle d-inline-block border-0 py-1 ps-1 pe-0 float-end"><i class="callout-toggle"></i></div>
</div>
<div id="callout-10" class="callout-10-contents callout-collapse collapse">
<div class="callout-body-container callout-body">
<div class="cell">
<div class="sourceCode" id="cb25"><pre class="downlit sourceCode r code-with-copy"><code class="sourceCode R"><span><span class="va">dias_laborables</span> <span class="op">&lt;-</span> <span class="fu"><a href="https://rdrr.io/r/base/c.html">c</a></span><span class="op">(</span><span class="st">"Lunes"</span>, <span class="st">"Martes"</span>, <span class="st">"Miércoles"</span>, <span class="st">"Jueves"</span>, <span class="st">"Viernes"</span><span class="op">)</span></span>
<span><span class="va">dias_laborables</span></span></code><button title="Copiar al portapapeles" class="code-copy-button"><i class="bi"></i></button></pre></div>
<div class="cell-output cell-output-stdout">
<pre><code>[1] "Lunes"     "Martes"    "Miércoles" "Jueves"    "Viernes"  </code></pre>
</div>
</div>
</div>
</div>
</div>
</li>
<li>
<p>Añadir los días del fin de semana al vector anterior y guardar el resultado en una nueva variable.</p>
<div class="callout callout-style-default callout-tip callout-titled">
<div class="callout-header d-flex align-content-center" data-bs-toggle="collapse" data-bs-target=".callout-11-contents" aria-controls="callout-11" aria-expanded="false" aria-label="Toggle callout">
<div class="callout-icon-container">
<i class="callout-icon"></i>
</div>
<div class="callout-title-container flex-fill">
Solución
</div>
